# callgrind format
version: 1
creator: callgrind-3.13.0
pid: 21260
cmd:  ./a.out
part: 1


desc: I1 cache: 32768 B, 64 B, 8-way associative
desc: D1 cache: 32768 B, 64 B, 8-way associative
desc: LL cache: 4194304 B, 64 B, 16-way associative

desc: Timerange: Basic block 0 - 2590485333
desc: Trigger: Program termination

positions: instr line
events: Ir Dr Dw I1mr D1mr D1mw ILmr DLmr DLmw
summary: 129164353145 54249583361 5170715091 171 3532925582 44 171 325942556 44


ob=(5) /usr/lib/valgrind/vgpreload_core-amd64-linux.so
fl=(29) ???
fn=(94) 0x0000000000000600
0x600 0 1 1 0 1 1 0 1 1
+7 0 1
+2 0 1 1 0 0 1 0 0 1
+8 0 1 0 1
+1 0 1
+3 0 1
+2 0 1 1
+7 0 1 0 1
cob=(3) ???
cfi=(14) ???
cfn=(100) 0x0000000004a2a560
calls=1 0x4a2a560 0 
* 0 75 23 12 1 0 0 1
+5 0 1 0 1
cfn=(104) 0x0000000000000570
calls=1 0x570 0 
* 0 8 2 1 1 0 0 1
+5 0 1 0 1
+7 0 1 1
+1 0 1 1

fn=(104)
0x570 0 1
+7 0 1 0 1
+1 0 1
+7 0 1 0 0 1 0 0 1
+3 0 1
+3 0 1
jcnd=1/1 +27 0 
* 0 
+27 0 1 1
+1 0 1 1

ob=(3)
fl=(14)
fn=(92) 0x0000000000108dc0
0x108dc0 0 1 0 0 1 0 0 1
+4 0 1
+4 0 1 1

fn=(78) 0x0000000000108640
0x108640 0 1 1 0 1 0 0 1
cob=(2) /lib/x86_64-linux-gnu/libc-2.27.so
cfi=(27) /build/glibc-OTsEL5/glibc-2.27/stdlib/cxa_finalize.c
cfn=(80) __cxa_finalize
calls=1 0x43520 30 
* 0 74 22 12 9 2 0 9 2

fn=(110) 0x0000000004a2a7a8
0x4a2a7a8 0 1 0 0 1 0 0 1
+4 0 1
+4 0 1 1

fn=(100)
0x4a2a560 0 1 1 0 1 0 0 1
cob=(2)
cfi=(27)
cfn=(80)
calls=1 0x43520 30 
* 0 74 22 12

fn=(62) 0x0000000004c4d2c8
0x4c4d2c8 0 1 1 0 1 1 0 1 1
cob=(2)
cfi=(23) /build/glibc-OTsEL5/glibc-2.27/malloc/malloc.c
cfn=(64) free
calls=1 0x97950 3086 
* 0 114 30 16 14 9 0 14 9

ob=(4) /lib/x86_64-linux-gnu/ld-2.27.so
fl=(19) /build/glibc-OTsEL5/glibc-2.27/elf/rtld.c
fn=(54) rtld_lock_default_unlock_recursive
0x10f0 790 2 0 2
+4 +1 2 2

fn=(50) rtld_lock_default_lock_recursive
0x10e0 784 2 0 2 1 0 1 1 0 1
+4 +1 2 2

fl=(24) /build/glibc-OTsEL5/glibc-2.27/elf/dl-fini.c
fn=(66) _dl_fini
0x109a0 30 1 0 1 1 0 0 1
+1 * 1
+3 * 1 0 1
+2 * 1 0 1
+2 * 1 0 1
+2 * 1 0 1
+2 * 1 0 1
+1 * 1
+4 +20 1 1
+7 * 1
+4 * 1 0 0 1 0 0 1
+6 -3 1 0 1
+7 * 1
+4 * 1
+7 * 1
+4 * 1
+3 * 1
jump=1 +39 +6 
* * 
+18 +3 1
+4 * 1
+7 * 1
+4 * 1
jcnd=1/1 0x10bd0 171 
* * 
+6 +3 1 0 0 1 0 0 1
+7 * 1 1 1 0 0 1 0 0 1
cfi=(19)
cfn=(50)
calls=1 0x10e0 784 
* * 2 1 1
+6 +2 1 1
+3 +3 1
+2 * 1
+2 +2 1 1
+3 * 1 1 0 0 1 0 0 1
+8 * 1
+4 * 1
+3 * 1
+3 * 1 1
+3 * 1 0 1
+3 * 1
+2 +8 1
+2 -3 1 0 1
+4 +8 1
+3 -5 1 0 0 1 0 0 1
+8 * 1
+4 * 1
+4 * 1
+3 * 1
+3 * 1
jump=1 +15 +7 
* * 
+15 +7 4 4 0 0 3 0 0 3
+4 * 4
+2 +2 4
+3 * 4
+6 +2 4
+3 * 4 0 4
+4 +1 4 0 4 0 0 4 0 0 4
+7 +1 4 0 0 1 0 0 1
+4 +4 4 0 4 0 0 3 0 0 3
+7 -12 4 4
+4 * 4
+3 * 4
jcnd=3/4 -47 +2 
* * 
+2 +14 1
+3 * 1
+3 * 1
+3 * 1
+2 * 1
+2 * 1
+6 +1 1
+3 * 1
+3 * 1
+2 * 1
jcnd=1/1 0x10c08 +6 
* * 
+32 +6 1 0 0 1 0 0 1
+2 * 1
+5 * 1 0 1
cfi=(25) /build/glibc-OTsEL5/glibc-2.27/elf/dl-sort-maps.c
cfn=(68) _dl_sort_maps
calls=1 0x17c80 -66 
* * 253 64 32 12 3 2 12 3 2
+5 +10 1
+7 * 1 1 1
cfi=(19)
cfn=(54)
calls=1 0x10f0 790 
* * 2 1 1
+6 +5 1
+3 * 1
+6 * 1
+4 * 1
+5 * 1 0 1
+4 * 1
+4 +2 1 1 0 1 0 0 1
+3 +2 1 1
+8 * 1
+2 * 1
-13 -2 3 3
+3 +2 3 3
+8 * 3
+2 * 3
+6 +3 4
+3 * 4 0 4
+7 +3 4 4 0 0 4 0 0 4
+7 * 4
+3 * 4
jcnd=2/4 0x10c20 +1 
* * 
+6 +4 2 2 0 0 1 0 0 1
+7 * 2
+6 +11 2 2 0 0 2 0 0 2
+4 +1 2 2 0 1 0 0 1
+7 -1 2 2
+4 +2 2 2
+4 -2 2
+3 +2 2
+4 +1 2
+2 * 2
+3 * 2
+2 * 2
+4 * 2
+4 * 2 0 2
+4 * 2
+9 +1 2 2 2 0 2 0 0 2
cob=(5)
cfi=(29)
cfn=(94)
calls=1 0x600 0 
* * 95 30 17 3 2 0 3 2
cob=(1) /home/acadiou/ASPICS/TP_Profiling/Sources/exple_matmul_C/a.out
cfi=(1) ???
cfn=(72) 0x0000000000000770
calls=1 0x770 0 
* * 95 30 17 14 4 0 14 4
+3 * 2
+4 -1 2 2
+4 * 2
+2 * 2 2 0 1 2 0 1 2
+7 +5 2
+3 * 2
+2 +1 2 2 0 0 1 0 0 1
+4 * 2 2
+4 * 2 0 2
cob=(3)
cfi=(14)
cfn=(110)
calls=1 0x4a2a7a8 0 
* * 3 1 0 1 0 0 1
cob=(3)
cfi=(14)
cfn=(92)
calls=1 0x108dc0 0 
* * 3 1 0 1 0 0 1
+2 +6 4 4
+3 * 4
+2 * 4
+2 * 4 4 0 0 1 0 0 1
+6 * 4
+2 * 4
+6 +16 4 0 4
+8 * 4
+4 -56 4 4
+4 * 4
jcnd=3/4 0x10b00 +2 
* * 
+6 * 1 1 0 1 0 0 1
+4 * 1
jump=1 0x109ed -59 
* * 
+14 +62 1 1
+3 * 1
+2 * 1
+2 * 1 1
+6 * 1
+2 * 1
+6 +6 1 1
+7 * 1
+6 +7 1
+4 * 1 1
+1 * 1 1
+2 * 1 1
+2 * 1 1
+2 * 1 1
+2 * 1 1
+1 * 1 1
+8 -90 1 0 0 1 0 0 1
+3 * 1
+3 * 1
+4 * 1
+2 * 1
+3 * 1
+4 * 1
jump=1 0x10acd * 
* * 
+5 +26 2 2 0 0 2 0 0 2
+7 * 2
+3 * 2
jcnd=2/2 0x10b93 +29 
* * 

fl=(26) /build/glibc-OTsEL5/glibc-2.27/string/../sysdeps/x86_64/multiarch/memset-vec-unaligned-erms.S
fn=(70) memset
0x1fa20 109 3 0 0 1 0 0 1
+4 * 3
+3 * 3
+4 * 3
+4 * 3
+5 +2 3
+4 +1 3
jcnd=3/3 0x1fac8 222 
* * 
0x1fac8 222 3 0 0 1 0 0 1
+5 +1 3
+3 +1 3
+2 +1 3
+3 +1 3
jcnd=2/3 +21 +32 
* * 
+2 +1 1
+3 +1 1
jcnd=1/1 +23 +36 
* * 
+16 +30 2 0 2
+4 +1 2 0 2
+2 +2 2 2
+1 +3 1 0 1
+5 +1 1 0 1
+3 +2 1 1

fl=(25)
fn=(68)
0x17c80 28 1 0 1 1 0 0 1
+1 * 1
+3 * 1 0 1 0 0 1 0 0 1
+2 * 1 0 1
+2 * 1 0 1
+2 * 1 0 1
+2 * 1 0 1
+1 * 1
+4 +2 1
+3 -2 1 0 1
+3 +2 1
jcnd=1/1 +17 +92 
* * 
+17 +92 1 0 1 0 0 1 0 0 1
+7 * 1
+2 * 1
+3 * 1
+3 * 1 0 1
+3 -88 1
+3 * 1 0 1 1 0 0 1
+7 * 1
+4 * 1
+3 * 1 0 1
+4 +1 1
+2 * 1
+6 -1 1
+4 -1 1
+3 +1 1
+4 * 1
+3 * 1
+3 * 1 0 1
+4 +1 1 0 1
cfi=(26)
cfn=(70)
calls=1 0x1fa20 +74 
* * 15 1 2 2 0 0 2
+5 * 1
+3 * 1
+2 * 1
+3 * 1
+4 * 1 0 1
+3 * 1 1 0 1 0 0 1
+4 * 1
+3 * 1 0 1
+3 * 1 0 1
+4 * 1
+4 * 1
+3 * 1 0 1
+7 * 1 0 1
+7 * 1
+3 * 1
+10 * 1
+4 +4 1 1
+4 * 1
+3 +3 1 1
+4 -3 1 0 1 1 0 0 1
+4 * 1 0 1
+4 +1 1 1
+4 * 1
+4 * 1 1
+3 +2 1
jcnd=1/1 0x17f38 +4 
* * 
-34 -7 2
+4 +4 2 2
+4 * 2
+3 +3 2 2
+4 -3 2 0 2
+4 * 2 0 2
+4 +1 2 2
+4 * 2
+4 * 2 2
+3 +2 2
jcnd=2/2 0x17f38 +4 
* * 
+6 +12 3 3
+4 * 3
jcnd=1/3 0x17e87 +61 
* * 
+6 * 2 2
+3 * 2 2
+7 * 2 2
+4 * 2 2
+7 * 2
+3 * 2
+3 +2 2 2 0 1 0 0 1
+4 * 2
+3 * 2 2 0 0 1 0 0 1
+7 +1 2
+3 * 2
jcnd=2/2 0x17e70 +33 
* * 
-17 -1 1 1
+4 * 1
+3 * 1 1 0 0 1 0 0 1
+7 +1 1
+3 * 1
+6 * 1
+4 +2 1 1 0 0 1 0 0 1
+3 * 1
+3 * 1
-6 * 2 2
+3 * 2
+3 * 2
jcnd=1/2 0x17e70 +31 
* * 
+6 +1 2
+4 * 2
+3 * 2
jcnd=2/2 -19 -1 
* * 
0x17e48 +58 2 2
+3 * 2
+2 * 2
+3 * 2
+3 * 2
+3 * 2 0 2
cfi=(26)
cfn=(70)
calls=2 0x1fa20 -9 
* * 32 2 4
+5 * 2
+3 * 2 2
+4 * 2
+4 * 2
jump=2 0x17d30 -83 
* * 
+10 -28 3 3 0 1 0 0 1
+4 * 3
jcnd=3/3 0x17ed8 * 
* * 
+2 * 3
+4 * 3
+4 -36 3 0 0 1 0 0 1
+3 * 3
jcnd=1/3 0x17d7d +2 
* * 
+6 +61 3 3
+4 * 3
jcnd=1/3 0x17f59 * 
* * 
+6 * 2 2
+4 * 2
+3 * 2
+4 * 2
jump=2 -84 +3 
* * 
+60 -25 3 3 0 1 0 0 1
+7 * 3
+3 * 3
jcnd=3/3 0x17e76 * 
* * 
+86 -44 3 3 0 1 0 0 1
+4 * 3 0 0 1 0 0 1
+6 * 3 3
+7 * 3
jcnd=3/3 0x17d58 +8 
* * 
+16 +69 1
+7 +7 1
+4 * 1 1
+1 * 1 1
+2 * 1 1
+2 * 1 1
+2 * 1 1
+2 * 1 1
+1 * 1 1

ob=(2)
fl=(20) /build/glibc-OTsEL5/glibc-2.27/gmon/../sysdeps/unix/sysv/linux/prof-freq.c
fn=(56) __profile_frequency
0x124de0 27 1 1 0 0 1 0 0 1
+7 * 1 1 0 0 1 0 0 1
+3 +1 1 1

fl=(17) /build/glibc-OTsEL5/glibc-2.27/io/../sysdeps/unix/sysv/linux/write.c
fn=(46) __write_nocancel
0x1101e0 40 1 0 0 1 0 0 1
+5 * 1
+2 * 1
+6 * 1
+2 +1 1 1

fl=(5) /build/glibc-OTsEL5/glibc-2.27/gmon/mcount.c
fn=(14) __mcount_internal
0x124100 60 2 0 2 1 0 0 1
+1 +12 2
+2 * 2
+5 -12 2
+3 +12 2 0 2 0 0 2 0 0 2
+9 * 2
+2 +9 2 2 0 0 2 0 0 2
+7 +1 2 2
+7 * 2
+2 +11 2 2 0 0 2 0 0 2
+7 +4 2 2
+7 -4 2
+3 +4 2
+3 * 2
+4 * 2 2 0 1 0 0 1
+7 +1 2 2 0 0 2 0 0 2
+3 +1 2
+3 * 2
+2 +4 2 2 0 0 2 0 0 2
+4 * 2
+4 +1 2 2
+7 -1 2 0 2
+4 +1 2
jcnd=2/2 0x124208 +4 
* * 
+59 +70 2 2 0 1 0 0 1
+1 * 2 2
0x124208 -66 2 0 2 1 0 0 1
+3 +1 2
+4 * 2
+4 +1 2 0 2 0 0 2 0 0 2
+3 +1 2 0 2
+8 +1 2 0 2
+8 +57 2 0 2
+11 * 2
jump=2 0x12419b +5 
* * 

fl=(11) /build/glibc-OTsEL5/glibc-2.27/signal/../nptl/sigaction.c
fn=(32) sigaction
0x3f110 34 1 0 0 1 0 0 1
+3 * 1
+3 * 1
+2 +6 1
cfi=(12) /build/glibc-OTsEL5/glibc-2.27/signal/../sysdeps/unix/sysv/linux/x86_64/sigaction.c
cfn=(34) __libc_sigaction
calls=1 0x3ef30 +7 
* * 51 14 12 6 3 3 6 3 3

fl=(18) /build/glibc-OTsEL5/glibc-2.27/elf/dl-iteratephdr.c
fn=(48) dl_iterate_phdr
0x165db0 34 1 0 1 1 0 0 1
+2 * 1 0 1
+2 * 1
+3 * 1 0 1
+2 * 1 0 1
+2 * 1
+3 * 1 0 1
+1 * 1 0 1
+1 * 1 0 0 1 0 0 1
+4 +6 1 1 0 0 1 0 0 1
+7 -6 1 1
+9 * 1 0 1
+5 * 1
+2 +6 1
+8 * 1 1 1 0 1 1 0 1 1
cob=(4)
cfi=(19)
cfn=(50)
calls=1 0x10e0 784 
* * 2 1 1 1 0 1 1 0 1
+8 +9 1 1 0 0 1 0 0 1
+8 -4 1 1 0 0 1 0 0 1
+5 +3 1 1
+8 +1 1 0 0 1 0 0 1
+4 * 1
+3 * 1
jcnd=1/1 0x165f9c -3 
* * 
0x165e76 +14 1 0 0 1 0 0 1
+4 * 1
+4 * 1 1 0 1 0 0 1
+4 * 1
+3 * 1
+6 * 1
+5 * 1
jump=1 +21 +2 
* * 
+21 +2 1 1 0 0 1 0 0 1
+4 * 1 1 0 0 1 0 0 1
+3 * 1 0 1 0 0 1 0 0 1
+5 +1 1 1
+4 +5 1 0 1
+9 -5 1 0 1 1 0 0 1
+5 +1 1 1 0 0 1 0 0 1
+7 * 1 0 1
+5 +1 1 1
+7 * 1 0 1
+5 +1 1 1
+8 * 1 0 1
+5 +1 1
+3 * 1 0 1
+5 +2 1 1 0 0 1 0 0 1
+7 +1 1
+3 -1 1 0 1
+5 +1 1 0 0 1 0 0 1
jcnd=1/1 +20 +2 
* * 
+20 +2 1
+3 * 1
+5 * 1
+3 * 1 0 1
cfi=(9) /build/glibc-OTsEL5/glibc-2.27/gmon/gmon.c
cfn=(52) callback
calls=1 0x1238a0 -20 
* * 8 4 1 1 1 0 1 1
+3 +1 1
+2 * 1
+6 * 1 0 1
+4 +6 1
+8 * 1 1 1
cob=(4)
cfi=(19)
cfn=(54)
calls=1 0x10f0 790 
* * 2 1 1
+8 +3 1 1 0 1 0 0 1
+5 * 1 1
+9 * 1 1
+4 * 1
+2 * 1
+4 * 1 1
+1 * 1 1
+1 * 1 1
+2 * 1 1
+2 * 1 1
+2 * 1 1
+2 * 1 1
+61 -39 1 0 0 1 0 0 1
+3 * 1
jump=1 0x165e76 +17 
* * 

fl=(8) /build/glibc-OTsEL5/glibc-2.27/stdlib/cxa_thread_atexit_impl.c
fn=(24) __call_tls_dtors
0x43870 145 1 0 1 1 0 0 1
+1 * 1 0 1
+1 * 1
+4 +1 1 1 0 0 1 0 0 1
+7 * 1 1 0 1 1 0 1 1
+5 * 1
+3 * 1
jcnd=1/1 +73 +18 
* * 
+73 +18 1 0 0 1 0 0 1
+4 * 1 1
+1 * 1 1
+1 * 1 1

fl=(15) /build/glibc-OTsEL5/glibc-2.27/string/../sysdeps/x86_64/multiarch/strlen-avx2.S
fn=(42) __strlen_avx2
0x18e590 52 1 0 0 1 0 0 1
+2 +1 1
+3 +1 1
+4 +3 1
+3 +1 1
+3 +1 1
+2 +3 1 1 0 0 1 0 0 1
+4 +1 1
+4 +1 1
+2 +8 1
jcnd=1/1 0x18e690 332 
* * 
0x18e690 332 1 0 0 1 0 0 1
+4 +1 1
+3 +1 1
+3 +4 1
+3 +1 1 1

fl=(22) /build/glibc-OTsEL5/glibc-2.27/io/../sysdeps/unix/sysv/linux/close.c
fn=(60) __close_nocancel
0x110940 37 1 0 0 1 0 0 1
+5 * 1
+2 * 1
+6 * 1
+2 +1 1 1

fl=(13) /build/glibc-OTsEL5/glibc-2.27/stdlib/getenv.c
fn=(38) getenv
0x426e0 34 1 0 1 1 0 0 1
+2 * 1 0 1
+2 * 1 0 1
+2 * 1 0 1
+2 * 1
+3 * 1 0 1
+1 * 1 0 1 0 0 1 0 0 1
+1 * 1
+4 +1 1 0 1
cfi=(15)
cfn=(42)
calls=1 0x18e590 +17 
* * 15 2 0 2 1 0 2 1
* * 1 1 0 1 1 0 1 1
+5 * 1
+3 +4 1 1 0 0 1 0 0 1
+7 * 1 1 0 1 1 0 1 1
+3 * 1
+3 * 1
+6 * 1 1
+5 * 1
+2 * 1
+6 +3 1 1
+5 * 1 1 0 0 1 0 0 1
+4 * 1
jcnd=1/1 +62 +25 
* * 
+36 +49 1
+4 * 1
+3 * 1 1
+1 * 1 1
+1 * 1 1
+2 * 1 1
+2 * 1 1
+2 * 1 1
+2 * 1 1
+9 -24 1 1 0 1 0 0 1
+5 +6 1
+4 +2 1
+3 -3 1
+4 +3 1
jcnd=1/1 +21 +9 
* * 
+8 * 74
+4 * 74 74 0 0 9 0 0 9
+4 * 74
+3 * 74
jcnd=1/74 -61 +16 
* * 
+2 +9 74 74 0 1 32 0 1 32
+4 * 74
jcnd=74/74 -17 -9 
* * 

fl=(10) /build/glibc-OTsEL5/glibc-2.27/time/../sysdeps/unix/syscall-template.S
fn=(30) setitimer
0xd5e50 78 1 0 0 1 0 0 1
+5 * 1
+2 * 1
+6 * 1
+2 +1 1 1

fl=(4) /build/glibc-OTsEL5/glibc-2.27/gmon/../sysdeps/x86_64/_mcount.S
fn=(12) mcount
0x124df0 29 2 0 0 1 0 0 1
+4 +2 2 0 2 0 0 2 0 0 2
+4 +2 2 0 2
+5 +2 2 0 2 1 0 0 1
+5 +2 2 0 2
+5 +2 2 0 2
+5 +2 2 0 2
+5 +2 2 0 2
+5 +5 2 2
+5 +2 2 2
+4 +1 2 0 2
cfi=(5)
cfn=(14)
calls=2 0x124100 +9 
* * 66 20 16 4 8 4 4 8 4
+5 +3 2 2
+5 +2 2 2
+5 +2 2 2
+5 +2 2 2
+5 +2 2 2
+5 +2 2 2 0 1 0 0 1
+5 +2 2 2
+4 +2 2
+4 +2 2 2

fl=(16) /build/glibc-OTsEL5/glibc-2.27/io/../sysdeps/unix/sysv/linux/open64.c
fn=(44) __open_nocancel
0x10fd70 58 1 0 0 1 0 0 1
+4 +3 1
+3 -3 1 1
+9 * 1 0 1 1 0 0 1
+5 * 1
+2 +3 1
+4 -3 1 0 1
+5 +3 1
jcnd=1/1 +64 +3 
* * 
+16 +8 1
+2 * 1
+5 * 1
+3 * 1
+5 * 1
+2 * 1
+6 * 1
+2 +2 1 1
+5 * 1 1
+9 * 1
+2 * 1
+4 * 1 1
+3 -7 1 0 0 1 0 0 1
+5 * 1 0 1
+7 +1 1 1
+5 -1 1 0 1
+5 * 1
+5 * 1 0 1
+5 * 1
jump=1 -80 +5 
* * 

fl=(30) /build/glibc-OTsEL5/glibc-2.27/libio/genops.c
fn=(114) _IO_flush_all_lockp
0x8f0e0 749 1 0 1 1 0 0 1
+2 * 1 0 1
+2 * 1
+3 * 1 0 1
+2 * 1 0 1
+2 * 1 0 1
+1 * 1 0 1
+1 * 1
+4 * 1 1
+9 * 1 0 1
+5 * 1 0 0 1 0 0 1
+2 +5 1 1
+6 * 1
+2 * 1 0 1
+4 * 1
jcnd=1/1 0x8f3b8 * 
* * 
+42 +1 1 1
+9 * 1 1 0 1 1 0 1 1
+7 * 1
+2 * 1
+5 * 1
+2 * 1 1
+7 * 1
jcnd=1/1 +14 * 
* * 
+14 * 1 0 1
+7 * 1
jcnd=1/1 +28 * 
* * 
+28 * 1 0 1 1 0 0 1
+7 * 1 1
+6 +3 1 1 0 0 1 0 0 1
+7 -8 1
+2 +5 1
+3 +3 1
+3 -3 1 0 1
+6 +3 1
fi=(31) /build/glibc-OTsEL5/glibc-2.27/libio/libioP.h
+6 870 1
+7 * 1
fe=(30)
+7 762 1 1 0 1 0 0 1
fi=(31)
+9 870 1
+3 * 1
jfi=(30)
jump=1 0x8f278 761 
* * 
fe=(30)
+67 -98 3 0 0 1 0 0 1
+3 * 3
jcnd=3/3 +80 -14 
* * 
+80 -14 3 3 0 0 3 0 0 3
+4 +16 3 0 3
+11 -16 3
+3 * 3
jcnd=1/3 0x8f300 +6 
* * 
+6 +3 3 0 0 1 0 0 1
+3 -1 3 0 3 1 0 0 1
+7 +1 3
jcnd=3/3 +88 +3 
* * 
+88 +3 3 3 0 1 3 0 1 3
+6 * 3
+2 * 3
+6 * 3 3 0 0 3 0 0 3
+4 * 3 3
+4 * 3
+6 * 3
jump=3 0x8f20d +8 
* * 
+10 * 1 1 0 1 0 0 1
+6 +14 1
+3 * 1
+2 * 1 0 1
+6 * 1
+2 * 1 0 1
+11 * 1 1
+7 * 1
jcnd=1/1 +13 * 
* * 
+13 * 1 0 1
+6 * 1
jcnd=1/1 +28 +1 
* * 
+28 +1 1 1 0 1 0 0 1
+4 * 1
+2 * 1
jcnd=1/1 +31 +4 
* * 
+31 +4 1 1
+5 * 1 1
+9 * 1
+2 * 1
+2 * 1
+4 * 1 1
+1 * 1 1
+1 * 1 1
+2 * 1 1
+2 * 1 1
+2 * 1 1
+2 * 1 1
+31 -29 1 0 0 1 0 0 1
+7 * 1 0 1
+9 * 1 0 1
+5 * 1
jump=1 0x8f137 +1 
* * 

fn=(112) _IO_cleanup
0x8f3e0 918 1 0 1 1 0 0 1
+2 * 1 0 1
+2 +3 1
+2 -3 1 0 1
+2 * 1 0 1
+2 * 1 0 1
+1 * 1 0 1
+1 * 1
+4 * 1 1
+9 * 1 0 1
+5 * 1
+2 +3 1 0 1 1 0 0 1
cfn=(114)
calls=1 0x8f0e0 749 
* * 114 32 22 12 11 0 12 11
+5 -72 1 1
+7 +72 1 0 1
+4 -72 1
+3 * 1
jcnd=1/1 0x8f6d8 * 
* * 
+42 +1 1 1 0 1 0 0 1
+9 * 1 1
+7 * 1
+2 * 1
+5 * 1
+2 * 1 1
+7 * 1
jcnd=1/1 +14 * 
* * 
+14 * 1 0 1
+7 * 1
jcnd=1/1 +28 * 
* * 
+28 * 1 0 1 1 0 0 1
+7 * 1 1
+6 +3 1 1
+7 -3 1
+3 +3 1
+3 -3 1 0 1
+6 +3 1
fi=(31)
+6 +17 1
+7 * 1 0 0 1 0 0 1
fe=(30)
+7 -7 1 1
fi=(31)
+9 +7 1
+3 * 1
jfi=(30)
jump=1 +25 -15 
* * 
fe=(30)
+2 +23 3 0 3
+10 -40 3 3
+4 * 3
+3 * 3
jcnd=1/3 0x8f5f0 +34 
* * 
+6 +2 3 3
+3 * 3
+4 * 3
jcnd=1/3 -30 +38 
* * 
+2 +2 2 2
+6 * 2
+2 * 2
jcnd=2/2 -40 +36 
* * 
0x8f5f0 +30 1 1 0 1 0 0 1
+6 +10 1
+3 * 1
+2 * 1 0 1 1 0 0 1
+6 * 1
+2 * 1 0 1
+11 * 1 1
+7 * 1
jcnd=1/1 +13 * 
* * 
+13 * 1 0 1
+6 * 1
jcnd=1/1 +28 +1 
* * 
+28 +1 1 0 0 1 0 0 1
+3 * 1
jcnd=1/1 +31 +35 
* * 
+31 +35 1 1
+5 * 1 1
+9 * 1 1
+4 * 1
+6 * 1 0 0 1 0 0 1
+4 * 1 1
+1 * 1 1
+1 * 1 1
+2 * 1 1
+2 * 1 1
+2 * 1 1
+2 * 1 1
+76 -84 1 0 0 1 0 0 1
+7 * 1 0 1
+9 * 1 0 1
+5 * 1
jump=1 0x8f43d +1 
* * 

fl=(2) /build/glibc-OTsEL5/glibc-2.27/gmon/../sysdeps/posix/profil.c
fn=(28) profil
0x124290 65 1 0 1
+2 * 1 0 1
+2 * 1
+3 * 1 0 1
+1 * 1 0 1
+1 * 1
+7 * 1 1 0 0 1
+7 * 1 1
+9 * 1 0 1
+8 * 1
+2 +9 1
+3 * 1 0 0 1 0 0 1
jcnd=1/1 0x1243e0 +3 
* * 
0x1243bd +43 1 1 0 1 0 0 1
+8 * 1 1
+9 * 1
+2 * 1
+7 * 1 1
+1 * 1 1
+1 * 1 1
+2 * 1 1
+2 * 1 1
+3 -40 1 0 0 1 0 0 1
+3 * 1
+2 +4 1
+7 * 1
+2 * 1
+5 * 1 0 1 0 0 1 0 0 1
cfi=(10)
cfn=(30)
calls=1 0xd5e50 -3 
* * 5 1 0 1 0 0 1
+5 * 1
+2 * 1
+2 +3 1 0 0 1 0 0 1
+7 * 1
+2 * 1
+5 -1 1 0 1
+11 +1 1 0 1
cfi=(11)
cfn=(32)
calls=1 0x3f110 -50 
* * 55 14 12 7 3 3 7 3 3
+5 * 1
jump=1 -93 +33 
* * 

fn=(2) __profil_counter
0x124240 41 25892 25892 0 1 25854 0 1 75
+7 * 25892 25892 0 0 25854 0 0 46
+7 +5 25892 25892
+6 -5 25892
+3 * 25892
+4 * 25892
+3 * 25892
+3 +5 25892
+3 * 25892
+3 * 25892
+4 * 25892
+4 * 25892
+4 * 25892
+4 * 25892
+3 +2 25892 25892 0 1 0 0 1
+7 * 25892
+2 +1 25892 25892
+7 * 25892 0 25892 0 0 25854 0 0 60
fi=(33) /build/glibc-OTsEL5/glibc-2.27/gmon/../sysdeps/unix/sysv/linux/x86_64/profil-counter.h
+5 -18 25892 25892 0 0 25854 0 0 68
cfi=(3) ???
cfn=(4) 0x000000000003ef20
calls=21527 0x3ef20 -31 
* * 43054
fe=(2)

fl=(7) /build/glibc-OTsEL5/glibc-2.27/stdlib/exit.c
fn=(22) __run_exit_handlers
0x42ed0 40 1 0 1 1 0 0 1
+2 * 1 0 1
+2 * 1 0 1
+2 * 1 0 1
+2 * 1
+3 * 1 0 1
+1 * 1 0 1
+1 * 1
+2 * 1
+4 +5 1
+2 -5 1 0 1
+4 +5 1
jcnd=1/1 0x43112 +1 
* * 
+6 * 1
+7 +11 1
+5 * 1
+5 * 1 0 0 1 0 0 1
+2 * 1
+2 * 1 1 0 0 1 0 0 1
+7 * 1
jcnd=1/1 +11 * 
* * 
-11 * 1
+2 * 1
+2 * 1 1
+7 * 1
jcnd=1/1 +11 * 
* * 
+11 * 2 0 2 0 0 1 0 0 1
+4 * 2
jcnd=2/2 +24 +3 
* * 
+24 +3 2 2 0 0 1 0 0 1
+4 +2 2
+3 * 2
jcnd=1/2 0x42fa4 +9 
* * 
+2 * 1
jump=1 0x43098 +4 
* * 
+5 +16 2 0 0 1 0 0 1
+4 * 2
jcnd=2/2 0x43020 +29 
* * 
+37 +35 2
+2 * 2
+2 * 2 2
+7 * 2
jcnd=2/2 +11 * 
* * 
+11 * 2 0 2
+4 * 2
jcnd=2/2 +24 +2 
* * 
+24 +2 2 2
+7 * 2
+2 -44 3 3 0 1 1 0 1 1
+4 * 3
+3 * 3
jcnd=1/3 0x43050 +50 
* * 
+6 +2 2
+4 +1 2 2
+7 -1 2 0 2
+4 +4 2 2 0 1 0 0 1
+7 * 2
jcnd=2/2 +10 * 
* * 
+10 * 2 0 2
+3 * 2
jcnd=2/2 +24 +1 
* * 
+24 +1 2
+3 * 2
+4 * 2
+3 * 2 2
+4 * 2
+4 * 2 0 0 1 0 0 1
jcnd=2/2 0x42f40 * 
* * 
+34 +29 2 2
+4 -3 2 0 2
+8 +5 2
+2 -2 2
+4 * 2 2 0 0 1 0 0 1
+9 +2 2 2 0 0 1 0 0 1
+4 * 2 0 2 1 0 0 1
cob=(4)
cfi=(24)
cfn=(66)
calls=1 0x109a0 -78 
* * 722 200 107 42 28 10 42 28 10
cfi=(9)
cfn=(26) _mcleanup
calls=1 0x1240b0 -7 
* * 2146 662 266 69 92 26 69 91 26
+2 +1 2
jump=2 0x42f69 +3 
* * 
+15 +11 1 1
+3 +1 1
+3 -1 1 0 1
+4 +1 1
jcnd=1/1 +10 +5 
* * 
+10 +5 1 1
+7 * 1
jcnd=1/1 +10 * 
* * 
+10 * 1 0 1
+3 * 1
jcnd=1/1 +24 -73 
* * 
+24 -73 1 0 0 1 0 0 1
jump=1 0x42f00 +3 
* * 
+8 +12 1 0 1 0 0 1 0 0 1
+7 +1 1 1
+7 * 1
jcnd=1/1 +10 * 
* * 
+10 * 1 0 1
+3 * 1
jcnd=1/1 +24 +63 
* * 
+24 +63 1 1 0 1 0 0 1
+5 * 1
+2 +1 1
+7 * 1
+7 * 1
+3 * 1
+2 * 1
+7 * 1
+7 * 1
+3 * 1
+4 * 1
+5 * 1
+1 * 1 1 1 0 1 0 0 1
cfi=(30)
cfn=(112)
calls=1 0x8f3e0 918 
* * 206 60 42 22 11 0 22 11
+2 * 1
+4 * 1
+3 * 1
+2 +2 1
+2 * 1 0 1
cfi=(32) /build/glibc-OTsEL5/glibc-2.27/posix/../sysdeps/unix/sysv/linux/_exit.c
cfn=(120) _Exit
calls=1 0xe4dd0 27 
* * 8 1 0 2 0 0 2
+5 -86 1 0 1
cfi=(8)
cfn=(24)
calls=1 0x43870 +99 
* * 11 5 2 3 2 0 3 2
+5 * 1
jump=1 0x42eef -1 
* * 

fn=(20) exit
0x43120 139 1 0 0 1 0 0 1
+7 -1 1
+4 +1 1
+5 * 1
+5 * 1 0 1
cfn=(22)
calls=1 0x42ed0 -99 
* * 3232 956 443 147 139 38 147 138 38

fl=(32)
fn=(120)
0xe4dd0 27 1 0 0 1 0 0 1
+2 * 1 1
+7 +4 1
+6 +2 1
+5 * 1
jump=1 +27 -2 
* * 

fl=(28) /build/glibc-OTsEL5/glibc-2.27/nptl/unregister-atfork.c
fn=(82) __unregister_atfork
0x1309d0 28 2 0 2 1 0 0 1
+1 * 2
+3 * 2 0 2
+1 * 2
+4 +8 2 2 0 0 1 0 0 1
+7 -8 2 2
+9 * 2 0 2
+4 * 2
+2 +11 2
+3 * 2
jcnd=2/2 +31 +82 
* * 
+31 +82 2 2 0 1 0 0 1
+4 * 2 2
+9 * 2
+6 * 2 2
+4 * 2 2
+1 * 2 2

fl=(27)
fn=(80)
0x43520 30 2 0 2 1 0 0 1
+2 * 2 0 2
+2 +3 2
+5 -3 2 0 2
+2 * 2 0 2
+2 * 2
+3 * 2 0 2
+1 * 2 0 2
+1 +3 2
+2 -3 2
+4 +3 2
+7 * 2 2 0 1 0 0 1
+7 * 2
jcnd=2/2 +11 * 
* * 
+11 * 2 0 2
+4 * 2
jcnd=2/2 +25 +3 
* * 
+25 +3 2 2
+7 * 2
+3 * 2
+6 +4 2 2 0 1 0 0 1
+5 * 2
+5 * 2
+4 * 2
+5 * 2
+3 * 2
+2 * 2
jump=2 0x43665 -4 
* * 
0x43665 -4 2 2 0 1 0 0 1
+4 * 2
+3 * 2
+6 +58 2 2
+7 * 2
+3 * 2
+2 * 2 0 0 1 0 0 1
+5 * 2
+5 +4 2 2 0 0 1 0 0 1
+4 * 2
+4 * 2
+5 * 2
+4 * 2
+3 * 2
jcnd=2/2 +61 -4 
* * 
+61 -4 2 2 0 1 0 0 1
+3 * 2
+3 * 2
+2 +12 2
+3 * 2
+2 +1 2
+3 * 2 0 2
cfi=(28)
cfn=(82)
calls=2 0x1309d0 -79 
* * 32 14 6 2 1 0 2 1
+5 +2 2 2
+7 * 2
jcnd=2/2 +10 * 
* * 
+10 * 2 0 2 1 0 0 1
+3 * 2
jcnd=2/2 +25 +1 
* * 
+25 +1 2
+4 * 2 2
+1 * 2 2
+1 * 2 2
+2 * 2 2
+2 * 2 2
+2 * 2 2
+2 * 2 2

fl=(12)
fn=(34)
0x3ef30 47 1
+7 * 1
+3 * 1 1 0 1 0 0 1
+9 * 1 0 1
+8 * 1
+2 +4 1
+3 * 1
+6 +3 1 1 0 0 1 0 0 1
+5 * 1
+3 -1 1 1
+3 +1 1 0 1 0 0 1 0 0 1
+5 * 1 1
+5 -1 1 0 1
+4 +2 1 1 0 0 1 0 0 1
+6 -1 1 0 1 0 0 1 0 0 1
+4 +1 1
+5 +7 1 0 0 1 0 0 1
+3 -7 1
+2 -1 1 1
+5 +1 1 0 1
+5 +2 1
+7 -3 1 0 1
+4 +3 1 0 1
+5 -3 1 1 0 0 1 0 0 1
+5 * 1 0 1
+4 * 1 1
+5 * 1 0 1
+4 * 1 1
+5 * 1 0 1 0 0 1 0 0 1
+4 * 1 1
+5 * 1 0 1 1 0 0 1
+4 * 1 1
+5 * 1 0 1
+7 +8 1
jcnd=1/1 0x3f108 * 
* * 
+14 * 1
+3 * 1
+5 * 1
+6 * 1
+2 * 1
+2 * 1
+6 * 1
+3 * 1
+6 +3 1
+3 * 1 0 0 1 0 0 1
jcnd=1/1 0x3f0a6 +8 
* * 
0x3f0a6 +8 1 1 0 1 0 0 1
+8 * 1 1
+9 * 1
+2 * 1
+7 * 1 1 0 1 0 0 1
+72 -11 1
+2 * 1
jump=1 0x3efdb * 
* * 

fl=(23)
fn=(64)
0x97950 3086 1 0 1 1 0 0 1
+2 * 1 0 1
+2 * 1 0 1
+2 * 1 0 1
+2 * 1
+3 * 1 0 1
+1 * 1 0 1
+1 * 1
+4 * 1 1
+9 * 1 0 1
+5 * 1
+2 +5 1 1 0 0 1 0 0 1
+7 * 1 1 0 0 1 0 0 1
+3 +1 1
+3 * 1 0 0 1 0 0 1
+6 +6 1
+3 * 1
+6 +5 1 1
+4 -2 1
+4 +2 1
+4 * 1
+6 +18 1 1
+7 * 1 1
+6 * 1
+6 +2 1
+4 * 1
+7 * 1 0 0 1 0 0 1
+6 4149 1
+3 * 1
+4 +6 1
+3 * 1
+3 * 1
+3 * 1
+6 +1 1
+4 * 1
+6 +4 1
+4 * 1
+6 * 1
+4 * 1
+6 +9 1 1
+5 * 1
+3 * 1 0 0 1 0 0 1
+2 -2 1
+4 * 1
+4 +3 1 1 0 0 1 0 0 1
+7 * 1
jcnd=1/1 +23 +14 
* * 
+23 +14 1 1 0 0 1 0 0 1
+7 * 1
jcnd=1/1 0x97c30 +75 
* * 
0x97aa0 3125 1 1 0 1 0 0 1
+5 * 1 1
+9 * 1
+6 * 1
+4 * 1 1
+1 * 1 1
+1 * 1 1
+2 * 1 1
+2 * 1 1
+2 * 1 1 0 1 0 0 1
+2 * 1 1
0x97c30 4259 1 0 0 1 0 0 1
+3 * 1
+6 +3 1
+7 +1 1 0 0 1 0 0 1
+5 -1 1 1
+2 * 1
+2 * 1
+6 +10 1 1 0 0 1 0 0 1
+4 -4 1
+5 +4 1
+3 * 1
+6 +3 1 1 0 0 1 0 0 1
+4 * 1
+6 +5 1 1
+4 * 1
+2 * 1
+6 +3 1
+3 * 1
+4 +1 1 0 0 1 0 0 1
+4 * 1
+6 +1 1 1 0 0 1 0 0 1
+7 * 1
+6 1894 1 1 0 0 1 0 0 1
+6 * 1
+2 * 1
+6 4291 1 1
+6 * 1
jcnd=1/1 0x97d10 +7 
* * 
0x97d10 +7 1 1 0 1 0 0 1
+4 * 1
+6 +5 1 1 0 0 1 0 0 1
+6 * 1 1
+4 * 1
jcnd=1/1 0x98008 +4 
* * 
+83 +13 1 1 0 1 0 0 1
+4 -1 1
+4 +2 1 1 0 1 0 0 1
+4 * 1
+6 +4 1
+7 -2 1 0 1
+4 +1 1 0 1
+4 +1 1
+2 +2 1 0 1
+8 +1 1 0 1
+8 +2 1 0 1
+4 +1 1 0 1
+4 +2 1
+3 * 1
+4 * 1 0 1
+4 +1 1 0 1 1 0 0 1
+5 +30 1
+7 * 1
+6 +20 1
+2 * 1
jcnd=1/1 0x97aa0 3125 
* * 
0x98008 -73 1 0 0 1 0 0 1
+4 * 1 0 1
+4 * 1
jump=1 0x97d77 +9 
* * 

fl=(6) /build/glibc-OTsEL5/glibc-2.27/csu/../csu/libc-start.c
fn=(18) (below main)
cob=(1)
cfi=(1)
cfn=(8) main
calls=1 0xd20 0 
0x21b96 310 129164349906 54249582405 5170714646 22 3532925443 6 22 325942418 6
0x21b97 344 1 0 0 1 0 0 1
+2 * 1 0 1
cfi=(7)
cfn=(20)
calls=1 0x43120 139 
* * 3237 956 444 148 139 38 148 138 38

fl=(3)
fn=(4)
cfi=(2)
cfn=(2)
calls=4365 0x124283 49 
0x3ef1f 0 82935 26190 4365 2 13071 4357 2 89 26

fl=(9)
fn=(52)
0x1238a0 55 1 1 0 1 0 0 1
+4 +11 1
+2 -11 1 1 0 0 1 0 0 1
+3 * 1
+2 +7 1 1
+3 * 1 0 1
+3 +1 1
+5 +4 1 1

fn=(36) write_gmon
0x1238c0 355 1 0 1 1 0 0 1
+1 +4 1
+7 -4 1
+3 * 1 0 1
+2 * 1 0 1
+2 * 1 0 1
+2 * 1 0 1
+2 * 1 0 1
+1 * 1
+7 * 1 1
+9 * 1 0 1
+4 * 1
+2 +4 1 0 1 0 0 1 0 0 1
cfi=(13)
cfn=(38)
calls=1 0x426e0 34 
* * 494 164 7 7 46 1 7 46 1
+5 +1 1
+3 * 1
jcnd=1/1 +22 +10 
* * 
+22 +10 1 0 0 1 0 0 1
+7 * 1
+2 * 1
+5 * 1
+5 * 1 0 1
cfi=(16)
cfn=(44)
calls=1 0x10fd70 58 
* * 27 5 5 3 0 0 3
+5 +2 1
+2 -2 1
+2 +2 1
+6 +23 1
+7 +2 1 0 1 0 0 1 0 0 1
+11 +1 1 0 0 1 0 0 1
+5 * 1
+2 -3 1 0 1
+10 +1 1 0 1
+10 +1 1 0 1 0 0 1 0 0 1
+7 211 1
+7 398 1 0 1
cfi=(17)
cfn=(46)
calls=1 0x1101e0 40 
* * 5 1 0 1 0 0 1
+5 +5 1
+7 * 1
+7 -2 1 0 1 1 0 0 1
+11 +2 1 0 1
cfi=(18)
cfn=(48)
calls=1 0x165db0 34 
* * 81 31 22 11 9 3 11 9 3
+5 +4 1 1
+7 198 1 0 1
+7 407 1
+3 200 1 1
+7 * 1
+3 * 1
jcnd=1/1 0x123cb0 +33 
* * 
+20 * 1
+7 * 1 0 0 1 0 0 1
+7 +49 1 0 1
+7 * 1
+3 * 1
+3 * 1
+6 +14 1 0 1
+4 -3 1 0 1
+3 * 1
+4 +1 1 0 1
+8 +3 1 0 1
+8 * 1
+4 -6 1
+3 * 1
jcnd=1/1 -34 +5 
* * 
-34 +5 31 0 31 0 0 13 0 0 13
+4 -3 31 0 31
+3 * 31
+4 +1 31 0 31
+8 +3 31 0 31
+8 * 31
+4 -6 31
+3 * 31
jcnd=30/31 -34 +5 
* * 
+2 +10 1 1 0 1 0 0 1
+7 -1 1
+2 +2 1
+3 -1 1
+4 +1 1
+3 -1 1 0 1
+7 +1 1
+6 * 1 0 1
+7 * 1
+3 * 1
+10 +2 1 1
+7 * 1 1 0 0 1 0 0 1
+4 * 1
+3 * 1 0 0 1 0 0 1
jcnd=1/1 0x123acb -2 
* * 
-14 * 118 118
+7 * 118 118 0 0 15 0 0 15
+4 * 118
+3 * 118
jcnd=115/118 0x123acb -2 
* * 
+6 +5 3 3
+7 * 3 3
+7 * 3 3
+7 * 3
+8 * 3
+3 * 3
+4 * 3
+3 * 3
+5 +14 3
+4 -1 3 0 3
+7 +1 3
+4 * 3 0 0 1 0 0 1
+4 +1 3 3 0 0 1 0 0 1
+3 * 3
+3 -1 3 0 3
+7 +2 3 3 0 0 1 0 0 1
+4 * 3 0 3
+6 +1 3
+3 * 3 3
+5 * 3
+4 * 3 3
+6 +2 3
+3 -2 3
+4 +2 3
+3 -2 3 0 3 0 0 1 0 0 1
+3 * 3 0 3
+3 +2 3
+6 -16 3 3
+4 -2 3
+3 * 3
+2 -8 119 0 0 1 0 0 1
+4 * 119 119
+7 * 119
jcnd=118/119 0x123a30 +2 
* * 
+6 +33 1
+2 * 1 1
+7 * 1
+2 +1 1
fi=(21) /build/glibc-OTsEL5/glibc-2.27/gmon/../sysdeps/unix/sysv/linux/not-cancel.h
+2 73 1
+3 * 1
+2 * 1
+5 * 1
fe=(9)
+2 332 1 1 0 0 1 0 0 1
+7 -21 1 0 1 1 0 0 1
+7 +4 1 0 1
+7 * 1 0 1
+11 * 1 0 1
+7 * 1 0 1
+11 +17 1
+3 -7 1 0 1
+11 +1 1 0 1
+11 -1 1 0 1 1 0 0 1
+11 +1 1 0 1
+11 -1 1 0 1
+11 +1 1 0 1
+11 -1 1 0 1
+11 +1 1 0 1 1 0 0 1
+11 +6 1
jfi=(21)
jcnd=1/1 0x123c47 64 
* * 
fi=(21)
0x123c47 64 1 0 0 1 0 0 1
+2 * 1 0 1
cfi=(22)
cfn=(60)
calls=1 0x110940 -27 
* * 5 1 0 1 0 0 1
fe=(9)
+5 416 1 1
+4 * 1 1
+9 * 1
+6 * 1
+4 * 1 1
+1 * 1 1
+2 * 1 1
+2 * 1 1
+2 * 1 1
+2 * 1 1
+1 * 1 1
+65 233 1 0 1 1 0 0 1
+7 -22 1 1
+7 * 1 0 0 1 0 0 1
+7 +22 1 1
+8 -22 1 0 1 0 0 1 0 0 1
+7 +22 1
+4 +2 1
+3 -2 1 1 0 0 1 0 0 1
fi=(21)
+8 73 1
fe=(9)
+7 211 1 0 1
+7 * 1 0 1
+7 +22 1
+4 -22 1 0 1 1 0 0 1
+11 * 1 0 1
+7 * 1 0 1
+11 +24 1 0 1
+6 -2 1 0 1
+7 +3 1 0 1
cfi=(20)
cfn=(56)
calls=1 0x124de0 27 
* * 3 3 0 0 2 0 0 2
+5 +1 1
fi=(21)
+10 73 1
+5 * 1
fe=(9)
+3 236 1 0 1 1 0 0 1
+6 +1 1
+2 * 1 0 1
+7 * 1 0 1
+5 * 1 0 1
fi=(21)
+8 73 1
fe=(9)
+2 237 1 0 1
fi=(21)
+5 73 1
fe=(9)
+5 238 1 0 1
fi=(21)
+7 73 1
+2 * 1 1
+7 * 1
+3 * 1
jfi=(9)
jump=1 0x1239b7 200 
* * 
fe=(9)

fn=(26)
0x1240b0 101 1 1 0 1 1 0 1 1
+8 * 1
+2 440 1
+4 113 1
+2 * 1 0 0 1 0 0 1
+2 * 1
+2 * 1
+2 * 1 0 1
cfi=(2)
cfn=(28)
calls=1 0x124290 -48 
* * 95 24 20 12 4 4 12 3 4
+5 +1 1 0 1
+11 444 1 0 1
cfn=(36)
calls=1 0x1238c0 -89 
* * 1923 605 227 40 77 22 40 77 22
+5 +3 1 1
+7 +1 1
+4 -1 1
cob=(3)
cfi=(14)
cfn=(62)
calls=1 0x4c4d2c8 0 
* * 115 31 16 15 10 0 15 10

ob=(1)
fl=(1)
fn=(10) mul_jki
0x9f2 0 1 0 1 1 0 0 1
+1 0 1
+3 0 1
+4 0 1 1 1 0 1 0 0 1
cob=(2)
cfi=(4)
cfn=(12)
calls=1 0x124df0 29 
* 0 53 20 16 7 4 3 7 4 3
+6 0 1 0 1 1 0 0 1
+4 0 1 0 1
+4 0 1 0 1
+4 0 1 0 1
+3 0 1 0 1
+7 0 1
jump=1 0xaff 0 
* 0 
+5 0 1024 0 1024
+7 0 1024
jump=1024 0xaef 0 
* 0 
+5 0 1048576 0 1048576
+7 0 1048576
jump=1048576 0xadf 0 
* 0 
+5 0 1073741824 1073741824
+3 0 1073741824
+2 0 1073741824
+8 0 1073741824 1073741824 0 1 0 0 1
+4 0 1073741824
+3 0 1073741824 1073741824 0 0 128 0 0 128
+3 0 1073741824 1073741824
+3 0 1073741824
+3 0 1073741824
+4 0 1073741824
+3 0 1073741824 1073741824 0 0 131907 0 0 131666
+4 0 1073741824 1073741824
+3 0 1073741824
+2 0 1073741824
+8 0 1073741824 1073741824
+4 0 1073741824
+3 0 1073741824 1073741824 0 0 128 0 0 127
+3 0 1073741824 1073741824
+3 0 1073741824
+3 0 1073741824
+4 0 1073741824
+3 0 1073741824 1073741824 0 1 131326 0 1 131125
+4 0 1073741824 1073741824
+3 0 1073741824
+2 0 1073741824
+8 0 1073741824 1073741824
+4 0 1073741824
+3 0 1073741824 1073741824 0 0 132092 0 0 132091
+3 0 1073741824 1073741824
+3 0 1073741824
+3 0 1073741824
+4 0 1073741824
+3 0 1073741824 1073741824 0 0 135006716 0 0 135006285
+4 0 1073741824
+4 0 1073741824 1073741824
+3 0 1073741824
+2 0 1073741824
+8 0 1073741824 1073741824
+4 0 1073741824
+3 0 1073741824 1073741824
+3 0 1073741824 1073741824
+3 0 1073741824
+3 0 1073741824
+4 0 1073741824
+3 0 1073741824
+4 0 1073741824 0 1073741824
+4 0 1073741824 0 1073741824
+4 0 1073741824 1073741824
+3 0 1073741824 1073741824
+3 0 1073741824
jcnd=1072693248/1073741824 0xa33 0 
* 0 
-6 0 1048576 1048576
+3 0 1048576 1048576
+3 0 1048576
jcnd=1048576/1048576 0xa33 0 
* 0 
+6 0 1048576 0 1048576
+4 0 1048576 1048576
+3 0 1048576 1048576
+3 0 1048576
jcnd=1047552/1048576 0xa27 0 
* 0 
-6 0 1024 1024
+3 0 1024 1024
+3 0 1024
jcnd=1024/1024 0xa27 0 
* 0 
+6 0 1024 0 1024
+4 0 1024 1024
+3 0 1024 1024
+3 0 1024
jcnd=1023/1024 0xa1b 0 
* 0 
-6 0 1 1 0 1 0 0 1
+3 0 1 1
+3 0 1
jcnd=1/1 0xa1b 0 
* 0 
+6 0 1
+1 0 1 1
+1 0 1 1

fn=(0) mul_ikj
0x7e3 0 415 0 415
+7 0 415
jump=415 0x8b7 0 
* 0 
+5 0 425145 0 425145
+7 0 425145
jump=425145 0x8a7 0 
* 0 
+5 0 435348890 435348890 0 1 1 0 1 1
+3 0 435348890
+2 0 435348890 0 0 1 0 0 1
+8 0 435348890 435348890 0 0 1 0 0 1
+4 0 435348890
+3 0 435348890 435348890 0 0 54842766 0 0 129
+3 0 435348890 435348890
+3 0 435348890
+3 0 435348890
+4 0 435348890
+3 0 435348890 435348890 0 0 435348890 0 0 54020
+4 0 435348890 435348890
+3 0 435348890
+2 0 435348890
+8 0 435348890 435348890
+4 0 435348890
+3 0 435348890 435348890 0 0 54418544 0 0 128
+3 0 435348890 435348890
+3 0 435348890
+3 0 435348890 0 0 1 0 0 1
+4 0 435348890
+3 0 435348890 435348890 0 0 435343932 0 0 54738290
+4 0 435348890 435348890
+3 0 435348890
+2 0 435348890
+8 0 435348890 435348890
+4 0 435348890
+3 0 435348890 435348890 0 0 53143 0 0 53143
+3 0 435348890 435348890
+3 0 435348890
+3 0 435348890
+4 0 435348890
+3 0 435348890 435348890 0 0 425146 0 0 425146
+4 0 435348890
+4 0 435348890 435348890
+3 0 435348890
+2 0 435348890 0 0 1 0 0 1
+8 0 435348890 435348890
+4 0 435348890
+3 0 435348890 435348890
+3 0 435348890 435348890
+3 0 435348890
+3 0 435348890
+4 0 435348890
+3 0 435348890
+4 0 435348890 0 435348890
+4 0 435348890 0 435348890
+4 0 435348890 435348890
+3 0 435348890 435348890
+3 0 435348890
jcnd=434923744/435348890 0x7fb 0 
* 0 
-6 0 425145 425145
+3 0 425145 425145
+3 0 425145
jcnd=425145/425145 0x7fb 0 
* 0 
+6 0 425146 0 425146
+4 0 425146 425146
+3 0 425146 425146
+3 0 425146 0 0 1 0 0 1
jcnd=424730/425146 0x7ef 0 
* 0 
-6 0 415 415
+3 0 415 415
+3 0 415
jcnd=415/415 0x7ef 0 
* 0 
+6 0 416 0 416
+4 0 416 416
+3 0 416 416
+3 0 416
jcnd=415/416 0x7e3 0 
* 0 
+6 0 1
+1 0 1 1
+1 0 1 1

fn=(86) 0x00000000000006e0
0x6e0 0 1 0 0 1 0 0 1
+7 0 1 0 1
+1 0 1
+7 0 1
+3 0 1
+3 0 1
jcnd=1/1 +27 0 
* 0 
+27 0 1 1 0 1 0 0 1
+1 0 1 1

fn=(72)
0x770 0 1 1 0 1 1 0 1 1
+7 0 1
+2 0 1 1 0 1 1 0 1 1
+8 0 1 0 1
+1 0 1
+3 0 1
+2 0 1 1
+7 0 1 0 1
cob=(3)
cfi=(14)
cfn=(78)
calls=1 0x108640 0 
* 0 75 23 12 10 2 0 10 2
+5 0 1 0 1
cfn=(86)
calls=1 0x6e0 0 
* 0 8 2 1 2 0 0 2
+5 0 1 0 1
+7 0 1 1
+1 0 1 1

fn=(8)
cfn=(0)
calls=1 0x8d3 0 
0xcf1 0 21771274551 9144028936 871548902 5 980432423 0 5 55270858
0xcf2 0 1 1 0 1 1 0 1 1
+3 0 1 1
+4 0 1 1
+4 0 1 1 0 1 0 0 1
+4 0 1
+3 0 1 0 1
cfn=(10)
calls=1 0x9f2 0 
* 0 53696537669 22552776729 2149582871 12 135402302 3 12 135401427 3
+5 0 1 1 0 0 1 0 0 1
+3 0 1 1
+4 0 1 1
+4 0 1 1
+4 0 1
+3 0 1 0 1
cfn=(16) mul_ijk
calls=1 0x8d6 0 
* 0 53696537669 22552776729 2149582871 3 2417090715 3 3 135270130 3
+5 0 1
+5 0 1
+4 0 1 1 0 0 1 0 0 1
+1 0 1 1
+1 0 1 1

fn=(16)
0x8d6 0 1 0 1
+1 0 1
+3 0 1
+4 0 1 1 1 0 1 0 0 1
cob=(2)
cfi=(4)
cfn=(12)
calls=1 0x124df0 29 
* 0 53 20 16 0 4 3 0 4 3
+6 0 1 0 1
+4 0 1 0 1
+4 0 1 0 1
+4 0 1 0 1
+3 0 1 0 1
+7 0 1
jump=1 0x9e3 0 
* 0 
+5 0 1024 0 1024 1 0 0 1
+7 0 1024
jump=1024 0x9d3 0 
* 0 
+5 0 1048576 0 1048576
+7 0 1048576
jump=1048576 0x9c3 0 
* 0 
+5 0 1073741824 1073741824
+3 0 1073741824
+2 0 1073741824
+8 0 1073741824 1073741824
+4 0 1073741824
+3 0 1073741824 1073741824 0 0 135263904 0 0 128
+3 0 1073741824 1073741824
+3 0 1073741824
+3 0 1073741824
+4 0 1073741824
+3 0 1073741824 1073741824 0 0 1073741710 0 0 135006055
+4 0 1073741824 1073741824 0 1 0 0 1
+3 0 1073741824
+2 0 1073741824
+8 0 1073741824 1073741824
+4 0 1073741824
+3 0 1073741824 1073741824 0 0 134217480 0 0 128
+3 0 1073741824 1073741824
+3 0 1073741824
+3 0 1073741824
+4 0 1073741824
+3 0 1073741824 1073741824 0 0 1073735646 0 0 131844
+4 0 1073741824 1073741824
+3 0 1073741824
+2 0 1073741824
+8 0 1073741824 1073741824
+4 0 1073741824
+3 0 1073741824 1073741824 0 0 128 0 0 128
+3 0 1073741824 1073741824 0 1 0 0 1
+3 0 1073741824
+3 0 1073741824
+4 0 1073741824
+3 0 1073741824 1073741824 0 0 131842 0 0 131842
+4 0 1073741824
+4 0 1073741824 1073741824
+3 0 1073741824
+2 0 1073741824
+8 0 1073741824 1073741824
+4 0 1073741824
+3 0 1073741824 1073741824
+3 0 1073741824 1073741824
+3 0 1073741824
+3 0 1073741824
+4 0 1073741824
+3 0 1073741824
+4 0 1073741824 0 1073741824
+4 0 1073741824 0 1073741824
+4 0 1073741824 1073741824
+3 0 1073741824 1073741824
+3 0 1073741824
jcnd=1072693248/1073741824 0x917 0 
* 0 
-6 0 1048576 1048576
+3 0 1048576 1048576
+3 0 1048576
jcnd=1048576/1048576 0x917 0 
* 0 
+6 0 1048576 0 1048576
+4 0 1048576 1048576
+3 0 1048576 1048576
+3 0 1048576
jcnd=1047552/1048576 0x90b 0 
* 0 
-6 0 1024 1024
+3 0 1024 1024
+3 0 1024
jcnd=1024/1024 0x90b 0 
* 0 
+6 0 1024 0 1024
+4 0 1024 1024
+3 0 1024 1024
+3 0 1024
jcnd=1023/1024 0x8ff 0 
* 0 
-6 0 1 1
+3 0 1 1
+3 0 1
jcnd=1/1 0x8ff 0 
* 0 
+6 0 1
+1 0 1 1
+1 0 1 1

totals: 129164845090 54249738713 5170740983 172 3533003144 25898 172 325942745 104
